 165.559673    -0.338029
166.515566    -0.152332
167.430893    -0.003840
168.275750    0.122786
169.066404    0.257245
169.961107    0.411720
170.844341    0.540086
171.932388    0.708921
172.966174    0.874057
173.778228    0.990458
175.009919    1.141017
176.258701    1.294186
177.455789    1.453339
178.686351    1.640994
179.573055    1.843335
180.426651    2.005207
181.160865    2.220975
181.783636    2.411194
182.357923    2.582531
182.909495    2.794989
183.248825    2.929012
183.978001    3.229695
184.308251    3.379928
184.731170    3.588251
185.111233    3.794291
185.447667    4.023393
185.784651    4.234436
186.206746    4.469848
186.586364    4.690464
186.840285    4.809911
187.135502    4.982879
187.699019    5.272974
187.851982    5.418565
188.318159    5.616010
188.613873    5.772661
189.050753    5.992407
189.543345    6.262195
190.008180    6.503698
190.600005    6.803946
191.410900    6.958421
192.889801    7.025868
193.721735    6.912296
194.433118    6.669487
194.961322    6.427549
195.280950    6.268722
195.557586    6.112071
195.899644    5.874484
196.258913    5.635591
196.362209    5.532608
196.655980    5.283127
197.007935    5.002461
197.187470    4.745292
197.591752    4.437865
197.669538    3.950869
197.776566    4.195274
198.141083    3.737015
198.547887    3.469227
198.797265    3.199074
199.044380    2.990687
199.179518    2.762571
199.399946    2.572196
199.665108    2.322425
199.724877    2.154461
199.913206    1.928187
200.080969    1.822666
200.331537    1.582250
200.465130    1.424149
200.640699    1.297232
200.907544    0.992198
201.304701    0.636797
201.560261    0.420423
201.906426    0.141932
202.140997    -0.043003
202.315484    -0.134383
202.448866    -0.285594
202.841688    -0.498596
203.325020    -0.864604
203.629393    -0.992336
203.847943    -1.121066
204.182642    -1.304913
204.530834    -1.461999
204.893442    -1.622566
205.286760    -1.851885
205.784161    -2.040559
206.347042    -2.263889
206.561271    -2.355779
206.994375    -2.481970
208.092041    -2.629048
209.133002    -2.699541
211.098784    -2.691708
212.607839    -2.627742
213.808846    -2.597283
214.666906    -2.582053
216.556918    -2.623391
218.233459    -2.702804
219.582793    -2.750452
220.740038    -2.786569
222.228926    -2.812134
223.688129    -2.802669
225.231376    -2.733808
226.395302    -2.613383
227.562061    -2.444983
228.977831    -2.183898
229.802720    -2.019088
230.686277    -1.834231
231.722525    -1.629093
232.446110    -1.426752
233.307682    -1.244863
234.571037    -1.006406
236.194443    -0.750543
237.357505    -0.601724
238.812257    -0.446053
240.096367    -0.325301
241.423760    -0.216275
242.260036    -0.162752
243.085639    -0.140278
243.943815    -0.122433
244.887625    -0.103834
245.755315    -0.085139
246.699824    -0.089490
247.643830    -0.077323
248.587957    -0.069111
249.532334    -0.069111
250.476711    -0.069111
251.421142    -0.070892
252.365464    -0.069111
253.309841    -0.069111
254.254272    -0.070892
254.940958    -0.066501
