166.089295    -1.660423
167.252335    -1.792864
168.271318    -1.893441
169.102914    -1.948922
170.606741    -1.995205
171.250864    -2.002771
172.667000    -1.988678
173.455950    -1.959365
174.552321    -1.875937
175.615690    -1.755906
176.220717    -1.687837
177.460067    -1.506858
178.143155    -1.384326
178.740424    -1.262849
179.849307    -1.026422
180.793932    -0.792850
181.402984    -0.660706
182.235128    -0.433698
183.171783    -0.180072
183.937618    0.044460
184.788516    0.294957
185.468818    0.509005
186.148755    0.735030
186.828829    0.956579
187.507966    1.208899
188.229723    1.471289
188.866740    1.697127
189.503134    1.943417
190.096947    2.178394
190.604742    2.418809
191.197892    2.675543
191.833657    2.942502
192.513061    3.186057
193.149743    3.422898
193.872476    3.653212
195.067584    3.877423
196.164793    3.933319
196.955073    3.918959
197.740808    3.822461
198.293933    3.651347
199.019894    3.418198
199.811137    3.165729
200.463496    2.887674
200.913678    2.670538
201.173766    2.587426
201.637834    2.384153
202.204061    2.115298
202.683894    1.864222
203.206892    1.605292
203.644493    1.331422
204.211160    1.048114
204.863711    0.763749
205.386156    0.522992
206.167885    0.225541
206.992330    -0.065032
207.988612    -0.359931
208.897305    -0.597808
210.037912    -0.822776
210.943931    -0.989435
211.616053    -1.070662
213.079323    -1.194743
213.767205    -1.229633
215.228524    -1.289683
216.044594    -1.305185
217.461085    -1.302737
218.147785    -1.298821
219.348628    -1.262981
220.163201    -1.229307
221.320343    -1.168041
222.005898    -1.126505
223.375815    -1.004270
224.432355    -0.928516
225.260558    -0.872541
226.151458    -0.807981
227.059444    -0.740680
228.687085    -0.623917
229.286992    -0.589105
230.657735    -0.493968
231.257756    -0.462914
232.542983    -0.378853
233.142800    -0.341075
234.428322    -0.266705
235.114213    -0.236206
236.657703    -0.175325
238.543468    -0.077164
239.487166    -0.054870
240.431579    -0.056057
241.375919    -0.054870
242.320350    -0.056651
243.265245    -0.073661
244.209845    -0.080979
245.154095    -0.076825
246.098453    -0.076232
247.042722    -0.072672
247.987081    -0.072078
248.931367    -0.069111
249.875744    -0.069111
250.820120    -0.069111
251.764461    -0.067925
252.708874    -0.069111
253.653215    -0.067925
254.597609    -0.068518
255.112543    -0.062584
