167.319972    -1.643485
168.307600    -1.656066
169.295228    -1.661129
171.090916    -1.640723
172.078544    -1.629983
172.617250    -1.622311
173.604878    -1.612185
175.220997    -1.609423
176.208625    -1.625687
177.593870    -1.640153
178.722587    -1.700791
179.485755    -1.768582
180.585613    -1.890662
181.236550    -1.952358
181.775256    -1.994739
183.211806    -2.127712
183.974973    -2.184891
185.546200    -2.291576
186.416418    -2.324064
188.778438    -2.404501
189.676281    -2.412173
191.359738    -2.373278
192.235136    -2.327111
192.953411    -2.252400
193.447225    -2.162388
193.851255    -2.034119
194.075716    -1.969985
194.524638    -1.800086
194.793991    -1.724701
194.973560    -1.629062
195.278826    -1.519022
195.377589    -1.424002
195.781619    -1.308392
196.176670    -1.156496
196.446023    -1.056581
196.814139    -0.774223
197.083492    -0.679428
197.307953    -0.606293
197.487522    -0.484776
197.882573    -0.297774
198.071121    -0.214738
198.250689    -0.103347
198.621050    0.039267
199.148533    0.215636
199.395440    0.418164
199.552563    0.477235
199.956592    0.674138
200.181053    0.769776
200.734724    1.029125
200.899328    1.108449
201.393142    1.339107
201.677372    1.445273
201.922870    1.640424
202.126382    1.719410
202.605232    1.942192
202.838671    2.021853
203.054153    2.073835
203.278614    2.161598
203.637752    2.292397
203.951997    2.368627
204.221350    2.458640
204.839130    2.579735
205.356098    2.680751
206.443514    2.773403
207.274019    2.772252
207.992294    2.742855
208.710569    2.667919
209.204383    2.559060
209.608413    2.460890
209.877766    2.421509
210.236903    2.310119
210.640933    2.186914
210.955179    2.108715
211.224532    2.026579
211.448993    1.957381
211.763238    1.858930
212.077483    1.748102
212.391729    1.657301
213.244680    1.388614
213.514033    1.301976
213.783386    1.240093
214.690209    0.973430
215.085260    0.882292
215.623966    0.740522
216.027996    0.636726
216.432025    0.552846
217.060516    0.429978
217.464546    0.334902
218.003252    0.247140
219.439802    0.023233
220.427430    -0.089423
221.746341    -0.235915
223.307317    -0.335681
226.487876    -0.400389
227.475504    -0.399775
228.014210    -0.393638
229.181407    -0.376761
230.617957    -0.346381
232.048780    -0.306338
234.296913    -0.223212
235.556098    -0.189806
236.543726    -0.174232
237.531354    -0.145694
238.518982    -0.117769
239.506610    -0.097210
240.494238    -0.080639
241.509492    -0.056021
242.510933    -0.023374
243.546907    -0.015278
244.534535    -0.016505
245.522163    -0.012516
246.509791    -0.005458
247.497420    -0.000242
248.485048    0.000679
249.472676    0.001600
250.460304    0.001600
251.447932    0.000065
252.435560    -0.002390
253.423188    -0.006992
254.276140    -0.009256
