   0.575    0.900    1.131    1.394    1.686    2.194    2.690    3.218    3.634    4.278    5.073    6.019    7.237    8.411    9.521   10.610   11.443   11.902   12.097   11.786   11.059   10.029    8.668    7.041    5.210    3.449    1.731    0.206   -1.133   -2.346   -3.455   -4.376   -5.057   -5.406   -5.537   -5.591   -5.528   -5.486   -5.464   -5.424   -5.444   -5.519   -5.568   -5.644   -5.719   -5.751   -5.770   -5.756   -5.665   -5.566   -5.420   -5.233   -4.977   -4.628   -4.210   -3.780   -3.358   -2.989   -2.637   -2.297   -2.028   -1.784   -1.530   -1.296   -1.116   -0.892
  -0.654   -0.405   -0.125    0.236    0.590    0.964    1.404    1.835    2.263    2.723    3.238    3.786    4.313    4.850    5.281    5.649    5.856    5.937    5.780    5.434    4.916    4.318    3.561    2.754    1.877    1.010    0.191   -0.531   -1.222   -1.868   -2.430   -2.867   -3.168   -3.337   -3.390   -3.396   -3.332   -3.293   -3.273   -3.264   -3.243   -3.253   -3.244   -3.246   -3.250   -3.244   -3.239   -3.210   -3.166   -3.045   -2.909   -2.743   -2.567   -2.338   -2.110   -1.893   -1.710   -1.496   -1.297   -1.087   -0.884   -0.737   -0.627   -0.526   -0.449   -0.390
  -1.265   -0.926   -0.386    0.115    0.693    1.355    2.130    2.987    3.955    5.079    6.156    7.209    8.252    9.157    9.856   10.211   10.214    9.878    9.230    8.312    7.206    5.769    4.341    2.963    1.622    0.410   -0.636   -1.580   -2.351   -3.019   -3.529   -4.005   -4.325   -4.524   -4.678   -4.735   -4.680   -4.631   -4.542   -4.524   -4.523   -4.412   -4.362   -4.296   -4.226   -4.242   -4.225   -4.169   -4.141   -4.124   -4.005   -3.945   -3.835   -3.658   -3.405   -3.179   -2.882   -2.666   -2.421   -2.147   -1.915   -1.584   -1.310   -1.066   -0.866   -0.686
  -1.747   -1.835   -1.925   -2.081   -2.244   -2.418   -2.561   -2.602   -2.726   -2.793   -2.842   -2.850   -2.776   -2.634   -2.526   -2.328   -2.141   -1.871   -1.537   -1.230   -0.903   -0.629   -0.422   -0.237   -0.102   -0.020    0.044    0.015   -0.097   -0.281   -0.488   -0.705   -0.918   -1.132   -1.326   -1.466   -1.566   -1.621   -1.659   -1.684   -1.683   -1.633   -1.552   -1.432   -1.288   -1.143   -0.987   -0.832   -0.653   -0.454   -0.262   -0.085    0.070    0.179    0.263    0.337    0.370    0.374    0.343    0.297    0.247    0.221    0.213    0.206    0.191    0.189
  -2.136   -1.888   -1.505   -1.130   -0.680   -0.247    0.105    0.496    0.892    1.214    1.472    1.599    1.607    1.604    1.421    1.051    0.607    0.007   -0.622   -1.135   -1.736   -2.283   -2.777   -3.298   -3.732   -4.046   -4.288   -4.358   -4.367   -4.285   -4.115   -3.926   -3.688   -3.470   -3.258   -3.071   -2.910   -2.750   -2.626   -2.523   -2.430   -2.352   -2.271   -2.184   -2.090   -1.995   -1.879   -1.788   -1.710   -1.656   -1.615   -1.586   -1.581   -1.613   -1.665   -1.667   -1.581   -1.367   -1.080   -0.805   -0.595   -0.451   -0.366   -0.314   -0.265   -0.218
  -1.383   -1.150   -0.725   -0.277    0.065    0.455    0.742    1.001    1.231    1.412    1.485    1.447    1.288    1.023    0.726    0.275   -0.237   -0.848   -1.337   -1.841   -2.203   -2.581   -2.917   -3.221   -3.419   -3.577   -3.630   -3.589   -3.506   -3.362   -3.185   -2.979   -2.832   -2.665   -2.559   -2.463   -2.370   -2.280   -2.208   -2.103   -2.049   -1.997   -1.925   -1.814   -1.656   -1.468   -1.287   -1.120   -0.972   -0.850   -0.761   -0.686   -0.630   -0.636   -0.664   -0.682   -0.635   -0.541   -0.404   -0.285   -0.203   -0.159   -0.141   -0.157   -0.150   -0.123
  -0.039    0.141    0.459    0.847    1.274    1.732    2.168    2.641    3.132    3.635    4.047    4.361    4.523    4.473    4.190    3.734    3.087    2.255    1.250    0.037   -1.366   -2.777   -4.106   -5.263   -6.224   -6.954   -7.450   -7.673   -7.607   -7.282   -6.821   -6.273   -5.723   -5.293   -4.946   -4.700   -4.538   -4.407   -4.328   -4.301   -4.275   -4.284   -4.275   -4.182   -4.049   -3.925   -3.753   -3.604   -3.439   -3.223   -2.946   -2.665   -2.382   -2.121   -1.886   -1.641   -1.380   -1.124   -0.902   -0.734   -0.599   -0.478   -0.380   -0.272   -0.174   -0.152
  -6.190   -6.433   -6.582   -6.604   -6.491   -6.326   -6.062   -5.739   -5.310   -4.808   -4.224   -3.582   -2.935   -2.240   -1.555   -0.826   -0.143    0.488    0.986    1.346    1.516    1.517    1.379    1.183    0.966    0.773    0.624    0.503    0.443    0.367    0.299    0.214    0.095    0.008   -0.082   -0.158   -0.216   -0.225   -0.197   -0.125   -0.023    0.111    0.236    0.392    0.567    0.760    0.973    1.163    1.313    1.437    1.533    1.612    1.675    1.680    1.593    1.459    1.243    1.017    0.791    0.582    0.389    0.273    0.170    0.086    0.021   -0.014
  -1.926   -1.701   -1.379   -1.027   -0.559   -0.001    0.573    1.155    1.764    2.355    2.889    3.373    3.898    4.363    4.711    4.951    4.929    4.815    4.560    4.141    3.590    2.857    2.051    1.174    0.260   -0.614   -1.366   -2.037   -2.572   -3.056   -3.441   -3.792   -4.058   -4.219   -4.267   -4.201   -4.085   -3.971   -3.927   -3.910   -3.914   -3.940   -3.949   -3.944   -3.944   -3.889   -3.837   -3.767   -3.695   -3.617   -3.481   -3.285   -3.066   -2.819   -2.571   -2.300   -2.029   -1.764   -1.524   -1.306   -1.113   -0.944   -0.803   -0.678   -0.582   -0.468
  -0.554   -0.457   -0.289   -0.083    0.127    0.452    0.800    1.123    1.435    1.749    2.090    2.416    2.680    2.965    3.223    3.516    3.723    3.923    4.003    4.037    3.953    3.748    3.316    2.692    1.980    1.211    0.483   -0.200   -0.751   -1.265   -1.659   -1.968   -2.205   -2.363   -2.467   -2.539   -2.608   -2.682   -2.717   -2.712   -2.743   -2.750   -2.748   -2.757   -2.689   -2.582   -2.475   -2.314   -2.090   -1.921   -1.730   -1.526   -1.299   -1.075   -0.820   -0.621   -0.447   -0.326   -0.230   -0.200   -0.180   -0.151   -0.115   -0.054   -0.020    0.005
  -3.359   -3.060   -2.621   -2.118   -1.608   -0.978   -0.366    0.354    1.043    1.696    2.256    2.789    3.153    3.497    3.779    3.994    4.111    4.227    4.271    4.323    4.410    4.381    4.196    3.837    3.318    2.676    2.012    1.294    0.567   -0.162   -0.826   -1.388   -1.825   -2.154   -2.391   -2.542   -2.632   -2.698   -2.756   -2.822   -2.890   -2.940   -2.952   -2.906   -2.820   -2.708   -2.581   -2.462   -2.361   -2.226   -2.094   -1.922   -1.769   -1.609   -1.491   -1.381   -1.269   -1.153   -1.085   -0.995   -0.936   -0.875   -0.763   -0.678   -0.585   -0.488
  -2.533   -2.424   -2.222   -1.956   -1.691   -1.454   -1.152   -0.640   -0.103    0.570    1.202    1.795    2.416    3.002    3.423    3.705    3.902    4.011    4.018    3.838    3.397    2.783    2.126    1.441    0.743    0.090   -0.510   -1.056   -1.517   -1.817   -2.033   -2.187   -2.275   -2.351   -2.399   -2.416   -2.481   -2.579   -2.706   -2.836   -2.943   -2.981   -2.981   -2.931   -2.855   -2.737   -2.608   -2.435   -2.264   -2.098   -1.947   -1.800   -1.654   -1.486   -1.326   -1.172   -1.014   -0.896   -0.800   -0.690   -0.607   -0.499   -0.394   -0.320   -0.272   -0.237
  -4.309   -4.029   -3.338   -3.006   -2.581   -2.152   -1.639   -0.993   -0.267    0.548    1.420    2.156    2.947    3.703    4.447    5.072    5.673    6.043    6.194    6.233    6.118    5.785    5.256    4.578    3.680    2.723    1.813    0.972    0.260   -0.245   -0.537   -0.734   -0.873   -0.938   -1.028   -1.158   -1.310   -1.480   -1.632   -1.724   -1.843   -1.889   -1.963   -1.955   -1.885   -1.805   -1.737   -1.626   -1.509   -1.336   -1.132   -0.939   -0.733   -0.541   -0.363   -0.193   -0.073   -0.007    0.101    0.182    0.224    0.271    0.250    0.198    0.174    0.142
  -4.043   -3.743   -3.281   -2.671   -2.085   -1.473   -0.823   -0.097    0.626    1.341    1.935    2.584    3.111    3.495    3.752    3.927    3.989    3.937    3.747    3.512    3.316    3.145    2.950    2.632    2.150    1.562    0.868    0.212   -0.328   -0.657   -0.874   -1.004   -1.133   -1.229   -1.380   -1.524   -1.713   -1.908   -2.051   -2.146   -2.270   -2.328   -2.335   -2.286   -2.221   -2.119   -1.992   -1.863   -1.697   -1.501   -1.344   -1.176   -0.992   -0.833   -0.664   -0.517   -0.377   -0.231   -0.116   -0.012    0.004   -0.030   -0.060   -0.059   -0.031    0.011
  -3.781   -3.337   -3.092   -2.667   -1.895   -1.137   -0.471    0.140    0.800    1.447    2.164    2.870    3.584    4.075    4.391    4.528    4.401    4.160    3.834    3.367    2.918    2.530    2.211    1.963    1.620    1.148    0.522   -0.102   -0.576   -0.909   -1.096   -1.285   -1.448   -1.575   -1.709   -1.808   -1.871   -1.979   -2.085   -2.162   -2.231   -2.262   -2.224   -2.102   -1.961   -1.768   -1.560   -1.346   -1.155   -0.934   -0.700   -0.476   -0.226    0.000    0.158    0.279    0.410    0.477    0.491    0.484    0.402    0.309    0.237    0.190    0.165    0.168
   3.273    3.649    4.001    4.394    4.862    5.437    6.157    7.013    8.080    9.345   10.856   12.519   14.324   16.119   17.756   19.032   19.887   20.214   20.045   19.374   18.130   16.209   13.705   10.791    7.680    4.728    2.021   -0.404   -2.516   -4.329   -5.844   -6.979   -7.737   -8.118   -8.203   -8.107   -7.954   -7.835   -7.782   -7.782   -7.842   -7.945   -8.067   -8.182   -8.285   -8.322   -8.301   -8.203   -8.032   -7.791   -7.485   -7.083   -6.618   -6.103   -5.528   -4.944   -4.365   -3.796   -3.239   -2.740   -2.267   -1.850   -1.482   -1.184   -0.921   -0.707
   0.834    0.961    1.161    1.400    1.711    2.064    2.515    3.091    3.719    4.561    5.517    6.535    7.828    9.166   10.362   11.343   12.032   12.257   12.073   11.518   10.523    9.055    7.294    5.099    2.922    0.861   -0.977   -2.520   -3.850   -4.979   -5.659   -6.171   -6.555   -6.584   -6.517   -6.279   -6.092   -6.008   -6.067   -6.030   -6.058   -6.120   -6.353   -6.526   -6.628   -6.724   -6.812   -6.938   -6.978   -6.804   -6.452   -6.278   -5.956   -5.643   -5.154   -4.582   -3.924   -3.532   -3.013   -2.512   -2.096   -1.700   -1.377   -1.139   -0.927   -0.704
  -3.451   -3.668   -3.779   -3.926   -4.073   -4.209   -4.359   -4.516   -4.634   -4.770   -4.902   -5.024   -5.109   -5.103   -4.972   -4.824   -4.514   -4.036   -3.393   -2.543   -1.614   -0.832   -0.138    0.378    0.717    0.958    1.103    1.088    0.940    0.662    0.309   -0.020   -0.255   -0.450   -0.569   -0.674   -0.736   -0.745   -0.721   -0.722   -0.705   -0.700   -0.673   -0.635   -0.538   -0.435   -0.294   -0.119    0.046    0.179    0.289    0.340    0.349    0.341    0.311    0.277    0.245    0.231    0.230    0.235    0.245    0.256    0.264    0.255    0.224    0.209
  -4.596   -4.798   -4.873   -4.882   -4.794   -4.617   -4.340   -4.021   -3.655   -3.249   -2.906   -2.529   -2.171   -1.916   -1.683   -1.409   -1.216   -0.949   -0.636   -0.315    0.059    0.419    0.651    0.741    0.687    0.515    0.263   -0.049   -0.354   -0.657   -0.942   -1.191   -1.400   -1.567   -1.665   -1.731   -1.773   -1.788   -1.792   -1.784   -1.750   -1.715   -1.700   -1.688   -1.670   -1.617   -1.529   -1.409   -1.294   -1.153   -0.996   -0.832   -0.707   -0.614   -0.535   -0.450   -0.354   -0.246   -0.164   -0.102   -0.056   -0.026   -0.008    0.013    0.032    0.055
  -0.288   -0.137    0.089    0.217    0.471    0.610    0.793    1.074    1.315    1.572    1.793    1.907    2.098    2.294    2.476    2.799    3.183    3.572    4.054    4.511    4.970    5.379    5.581    5.458    5.006    4.314    3.422    2.420    1.380    0.229   -0.877   -1.805   -2.599   -3.136   -3.407   -3.520   -3.508   -3.454   -3.429   -3.399   -3.377   -3.308   -3.190   -3.097   -2.992   -2.875   -2.771   -2.700   -2.656   -2.659   -2.645   -2.584   -2.489   -2.405   -2.350   -2.284   -2.224   -2.077   -1.899   -1.701   -1.499   -1.286   -1.097   -0.914   -0.695   -0.533
  -1.637   -1.293   -0.968   -0.587   -0.165    0.275    0.779    1.386    1.981    2.662    3.306    3.908    4.526    5.035    5.382    5.638    5.640    5.455    5.069    4.438    3.737    3.074    2.402    1.687    0.899    0.049   -0.796   -1.666   -2.492   -3.284   -3.962   -4.421   -4.667   -4.785   -4.745   -4.641   -4.530   -4.404   -4.274   -4.174   -4.104   -4.073   -4.052   -4.047   -4.056   -4.048   -4.057   -4.092   -4.060   -4.026   -3.926   -3.774   -3.579   -3.375   -3.126   -2.874   -2.590   -2.296   -2.004   -1.711   -1.459   -1.223   -1.053   -0.916   -0.811   -0.704
  -3.365   -3.215   -3.078   -3.050   -2.864   -2.691   -2.388   -2.077   -1.723   -1.405   -1.119   -0.930   -0.762   -0.625   -0.468   -0.357   -0.200   -0.063    0.039    0.137    0.326    0.475    0.680    0.844    0.927    0.945    0.969    0.927    0.853    0.643    0.356   -0.004   -0.359   -0.675   -0.932   -1.153   -1.330   -1.504   -1.638   -1.764   -1.878   -1.973   -2.035   -2.070   -2.075   -2.048   -2.012   -1.964   -1.875   -1.757   -1.610   -1.451   -1.310   -1.133   -0.981   -0.853   -0.731   -0.630   -0.535   -0.438   -0.354   -0.295   -0.259   -0.236   -0.215   -0.205
   1.628    2.073    2.500    3.017    3.581    4.236    4.945    5.733    6.657    7.634    8.704    9.866   11.071   12.093   12.917   13.360   13.443   13.215   12.615   11.648   10.439    9.009    7.401    5.736    4.017    2.389    0.943   -0.434   -1.696   -2.849   -3.861   -4.636   -5.144   -5.403   -5.478   -5.428   -5.362   -5.305   -5.306   -5.300   -5.300   -5.294   -5.315   -5.343   -5.375   -5.353   -5.317   -5.250   -5.166   -5.002   -4.797   -4.510   -4.212   -3.885   -3.544   -3.160   -2.786   -2.413   -2.071   -1.733   -1.470   -1.212   -0.965   -0.772   -0.618   -0.448
  -3.287   -3.166   -3.029   -2.878   -2.562   -2.304   -1.990   -1.647   -1.353   -0.970   -0.572   -0.238    0.186    0.612    1.027    1.630    2.243    2.883    3.561    4.085    4.455    4.640    4.580    4.278    3.822    3.228    2.646    2.112    1.687    1.295    0.977    0.639    0.313    0.016   -0.275   -0.547   -0.784   -1.003   -1.192   -1.376   -1.572   -1.732   -1.853   -1.933   -1.987   -2.061   -2.143   -2.210   -2.254   -2.250   -2.196   -2.095   -1.952   -1.771   -1.593   -1.398   -1.179   -0.980   -0.808   -0.667   -0.579   -0.499   -0.426   -0.372   -0.317   -0.276
   0.632    0.875    1.161    1.442    1.652    1.847    2.070    2.244    2.447    2.638    2.750    2.824    2.955    3.037    3.245    3.517    3.768    3.969    4.168    4.260    4.312    4.157    3.689    2.939    2.095    1.271    0.496   -0.244   -0.973   -1.711   -2.352   -2.828   -3.215   -3.430   -3.501   -3.504   -3.506   -3.478   -3.490   -3.547   -3.642   -3.766   -3.949   -4.081   -4.198   -4.289   -4.315   -4.352   -4.364   -4.310   -4.184   -4.033   -3.758   -3.443   -3.083   -2.712   -2.312   -1.998   -1.665   -1.348   -1.087   -0.911   -0.700   -0.560   -0.431   -0.312
  -0.588   -0.314   -0.068    0.215    0.516    0.895    1.363    1.900    2.491    3.234    4.044    4.908    5.873    6.718    7.553    8.402    9.137    9.728   10.171   10.179    9.938    9.409    8.486    7.262    5.775    4.147    2.573    1.185   -0.086   -1.267   -2.327   -3.266   -4.039   -4.586   -4.913   -5.090   -5.140   -5.179   -5.245   -5.342   -5.456   -5.572   -5.663   -5.757   -5.842   -5.915   -5.953   -5.952   -5.888   -5.781   -5.608   -5.379   -5.116   -4.810   -4.453   -4.065   -3.645   -3.222   -2.817   -2.428   -2.065   -1.736   -1.434   -1.193   -0.966   -0.773
   0.189    0.536    0.919    1.332    1.788    2.324    2.843    3.430    4.067    4.764    5.363    5.987    6.510    6.925    7.294    7.557    7.673    7.699    7.619    7.349    6.862    6.072    5.050    3.839    2.631    1.462    0.363   -0.636   -1.543   -2.368   -3.084   -3.678   -4.077   -4.303   -4.385   -4.404   -4.416   -4.457   -4.493   -4.550   -4.611   -4.703   -4.785   -4.856   -4.880   -4.870   -4.826   -4.765   -4.646   -4.467   -4.236   -3.956   -3.643   -3.303   -2.939   -2.575   -2.222   -1.910   -1.627   -1.377   -1.149   -0.958   -0.771   -0.618   -0.489   -0.375
  -2.593   -2.387   -2.146   -1.823   -1.511   -1.222   -0.923   -0.584   -0.219    0.316    0.792    1.232    1.734    2.206    2.623    3.138    3.489    3.722    3.901    3.827    3.574    3.209    2.691    2.095    1.497    0.781    0.031   -0.777   -1.571   -2.307   -2.948   -3.484   -3.882   -4.171   -4.359   -4.442   -4.428   -4.377   -4.314   -4.290   -4.262   -4.244   -4.220   -4.160   -4.058   -3.934   -3.752   -3.533   -3.314   -3.047   -2.800   -2.568   -2.359   -2.151   -1.986   -1.828   -1.696   -1.546   -1.389   -1.209   -1.065   -0.934   -0.816   -0.706   -0.601   -0.503
  -1.218   -1.056   -0.785   -0.518   -0.276   -0.071    0.161    0.404    0.649    0.779    0.807    0.712    0.503    0.195   -0.206   -0.631   -1.055   -1.529   -1.961   -2.416   -2.864   -3.205   -3.491   -3.712   -3.680   -3.574   -3.437   -3.240   -3.155   -3.085   -3.002   -2.954   -2.880   -2.731   -2.618   -2.449   -2.258   -2.082   -1.941   -1.824   -1.695   -1.601   -1.483   -1.377   -1.289   -1.161   -0.967   -0.838   -0.748   -0.691   -0.666   -0.596   -0.523   -0.411   -0.296   -0.246   -0.262   -0.326   -0.413   -0.420   -0.367   -0.330   -0.323   -0.304   -0.315   -0.283
  -1.120   -0.572   -0.711   -0.537   -0.230    0.016    0.338    0.649    0.794    0.987    1.028    0.860    0.590    0.229   -0.154   -0.581   -1.109   -1.750   -2.479   -3.233   -4.019   -4.717   -5.322   -5.790   -6.107   -6.319   -6.367   -6.286   -6.071   -5.736   -5.349   -4.902   -4.416   -3.958   -3.508   -3.012   -2.655   -2.304   -2.042   -1.790   -1.583   -1.362   -1.235   -1.106   -1.038   -0.920   -0.873   -0.830   -0.763   -0.710   -0.704   -0.652   -0.645   -0.604   -0.588   -0.569   -0.549   -0.538   -0.479   -0.385   -0.363   -0.304   -0.270   -0.247   -0.222   -0.205
  -4.543   -3.586   -2.917   -1.927   -1.144   -0.329    0.523    1.344    2.124    2.736    3.141    3.355    3.488    3.680    3.664    3.502    3.355    2.934    2.514    2.387    2.278    2.197    2.024    1.453    0.607   -0.245   -1.019   -1.591   -1.919   -2.051   -2.068   -1.966   -1.940   -1.940   -2.015   -2.149   -2.338   -2.538   -2.761   -2.959   -3.138   -3.213   -3.298   -3.290   -3.203   -3.102   -2.994   -2.823   -2.604   -2.306   -1.982   -1.677   -1.442   -1.228   -1.029   -0.848   -0.686   -0.574   -0.448   -0.334   -0.259   -0.164   -0.092   -0.108   -0.087   -0.099
  -2.251   -2.203   -1.816   -0.950   -0.162    0.383    0.895    1.649    2.447    3.195    3.824    4.378    4.850    5.343    5.735    5.990    6.176    6.270    6.096    5.783    5.168    4.353    3.444    2.516    1.514    0.546   -0.398   -1.427   -2.350   -3.242   -3.998   -4.629   -4.972   -5.194   -5.208   -5.099   -4.987   -4.906   -4.880   -4.971   -5.038   -5.080   -5.100   -5.002   -4.891   -4.770   -4.521   -4.318   -4.049   -3.736   -3.409   -3.025   -2.565   -2.183   -1.860   -1.594   -1.396   -1.227   -1.053   -0.892   -0.769   -0.650   -0.585   -0.530   -0.531   -0.484
  -0.011    0.385    0.903    1.294    1.819    2.230    2.802    3.391    4.177    4.862    5.725    6.681    7.741    8.820    9.978   11.055   12.083   13.031   13.729   14.185   14.376   14.167   13.406   12.144   10.332    8.244    6.093    4.012    2.101    0.386   -1.227   -2.604   -3.715   -4.482   -4.923   -5.160   -5.302   -5.417   -5.576   -5.750   -5.913   -6.087   -6.240   -6.409   -6.557   -6.668   -6.747   -6.777   -6.725   -6.624   -6.431   -6.159   -5.824   -5.423   -4.964   -4.496   -3.997   -3.509   -3.042   -2.603   -2.192   -1.838   -1.529   -1.278   -1.065   -0.882
   0.229    0.761    1.270    1.768    2.353    3.031    3.654    4.359    5.135    5.960    6.779    7.632    8.500    9.351   10.035   10.562   10.798   10.826   10.645   10.110    9.292    8.233    6.819    5.174    3.369    1.541   -0.008   -1.330   -2.502   -3.538   -4.401   -5.044   -5.453   -5.636   -5.656   -5.568   -5.414   -5.293   -5.230   -5.197   -5.211   -5.240   -5.264   -5.280   -5.273   -5.231   -5.181   -5.100   -4.955   -4.746   -4.480   -4.177   -3.907   -3.611   -3.297   -2.990   -2.673   -2.355   -2.079   -1.807   -1.536   -1.283   -1.054   -0.869   -0.698   -0.552
  -0.654   -0.396   -0.058    0.667    0.796    1.007    1.343    1.671    2.424    3.269    3.620    3.969    4.522    5.213    6.156    7.043    7.452    7.951    8.273    8.526    8.537    8.260    7.514    6.527    5.175    3.786    2.324    0.825   -0.425   -1.328   -2.135   -2.546   -2.858   -3.240   -3.318   -3.277   -3.325   -3.372   -3.362   -3.515   -3.650   -3.776   -3.917   -4.034   -4.050   -4.114   -4.242   -4.328   -4.436   -4.477   -4.382   -4.282   -4.104   -3.865   -3.633   -3.370   -3.007   -2.636   -2.208   -1.873   -1.641   -1.474   -1.231   -1.001   -0.698   -0.425
   2.848    3.056    3.229    3.374    3.528    3.762    4.031    4.404    4.884    5.491    6.260    7.236    8.348    9.607   10.958   12.224   13.411   14.322   14.859   15.010   14.570   13.366   11.608    9.249    6.655    4.139    1.849   -0.164   -1.851   -3.343   -4.583   -5.513   -6.092   -6.374   -6.449   -6.405   -6.356   -6.332   -6.360   -6.449   -6.566   -6.703   -6.861   -6.997   -7.103   -7.180   -7.210   -7.182   -7.067   -6.855   -6.579   -6.238   -5.822   -5.346   -4.819   -4.272   -3.731   -3.213   -2.710   -2.259   -1.866   -1.514   -1.201   -0.952   -0.744   -0.581
   4.070    5.008    5.804    6.651    7.554    8.485    9.446   10.436   11.453   12.558   13.657   14.725   15.728   16.515   17.095   17.434   17.405   17.012   16.261   15.113   13.540   11.501    9.055    6.347    3.542    0.892   -1.487   -3.493   -5.233   -6.705   -7.929   -8.853   -9.372   -9.483   -9.375   -9.150   -8.918   -8.767   -8.655   -8.615   -8.620   -8.637   -8.673   -8.714   -8.736   -8.765   -8.772   -8.709   -8.556   -8.321   -7.995   -7.591   -7.115   -6.569   -5.962   -5.326   -4.738   -4.156   -3.594   -3.044   -2.505   -2.026   -1.655   -1.307   -1.059   -0.825
  -2.937   -2.859   -2.396   -1.991   -1.534   -0.943   -0.339    0.091    0.701    1.329    1.870    2.529    3.263    3.787    4.309    4.832    5.254    5.481    5.617    5.542    5.437    5.309    5.048    4.615    4.062    3.428    2.699    1.873    1.176    0.651    0.244    0.000   -0.220   -0.447   -0.600   -0.807   -1.017   -1.219   -1.412   -1.557   -1.642   -1.738   -1.816   -1.871   -1.876   -1.771   -1.648   -1.511   -1.356   -1.188   -0.994   -0.761   -0.562   -0.365   -0.162    0.032    0.187    0.298    0.349    0.353    0.307    0.281    0.249    0.177    0.113    0.082
  -5.426   -5.518   -5.405   -5.137   -4.819   -4.396   -4.028   -3.638   -3.223   -2.767   -2.366   -1.915   -1.461   -1.003   -0.621   -0.400   -0.264   -0.111    0.026    0.212    0.427    0.587    0.732    0.907    1.012    1.139    1.225    1.208    1.047    0.802    0.458    0.131   -0.157   -0.367   -0.545   -0.698   -0.848   -0.979   -1.117   -1.206   -1.243   -1.240   -1.233   -1.194   -1.148   -1.049   -0.953   -0.834   -0.751   -0.659   -0.602   -0.504   -0.429   -0.360   -0.333   -0.269   -0.254   -0.211   -0.178   -0.162   -0.142   -0.112   -0.124   -0.142   -0.167   -0.145
   0.757    0.863    0.961    1.054    1.198    1.331    1.487    1.612    1.774    1.919    2.099    2.381    2.730    3.112    3.620    4.187    4.928    5.747    6.596    7.404    8.084    8.356    8.124    7.205    5.724    4.001    2.312    0.780   -0.559   -1.722   -2.746   -3.535   -4.043   -4.279   -4.336   -4.227   -4.061   -3.891   -3.738   -3.630   -3.571   -3.507   -3.466   -3.449   -3.458   -3.484   -3.527   -3.546   -3.536   -3.489   -3.392   -3.259   -3.075   -2.861   -2.615   -2.369   -2.123   -1.892   -1.645   -1.429   -1.206   -1.017   -0.840   -0.685   -0.535   -0.425
  -2.992   -2.758   -2.408   -2.019   -1.672   -1.286   -0.977   -0.699   -0.531   -0.611   -0.838   -1.230   -1.723   -2.211   -2.793   -3.305   -3.699   -3.865   -3.767   -3.354   -2.542   -1.340   -0.024    1.243    2.216    2.785    3.175    3.326    3.252    2.998    2.552    1.943    1.286    0.604   -0.040   -0.534   -0.920   -1.242   -1.553   -1.800   -2.053   -2.186   -2.264   -2.290   -2.311   -2.271   -2.220   -2.083   -1.904   -1.729   -1.605   -1.467   -1.317   -1.139   -0.912   -0.668   -0.479   -0.291   -0.130   -0.035    0.031    0.098    0.111    0.156    0.192    0.202
  -1.073   -0.717   -0.207    0.041    0.571    1.019    1.382    1.868    2.193    2.599    3.081    3.431    3.580    3.836    3.959    4.193    4.263    4.222    4.071    3.972    3.900    3.832    3.435    2.874    2.122    1.207    0.259   -0.723   -1.663   -2.433   -3.107   -3.647   -3.992   -4.149   -4.114   -3.994   -3.927   -3.913   -3.927   -3.917   -3.859   -3.788   -3.735   -3.649   -3.528   -3.391   -3.215   -3.020   -2.851   -2.647   -2.432   -2.242   -2.045   -1.847   -1.678   -1.498   -1.343   -1.227   -1.156   -1.034   -0.935   -0.827   -0.730   -0.631   -0.543   -0.402
  -4.421   -4.333   -4.281   -4.227   -4.106   -3.867   -3.611   -3.316   -2.994   -2.662   -2.076   -1.381   -0.569    0.421    1.440    2.423    3.422    4.186    4.757    5.223    5.429    5.375    5.158    4.836    4.467    4.082    3.754    3.375    2.956    2.527    2.094    1.616    1.206    0.858    0.515    0.212   -0.061   -0.330   -0.568   -0.729   -0.884   -0.982   -1.052   -1.114   -1.167   -1.209   -1.255   -1.293   -1.300   -1.310   -1.318   -1.333   -1.330   -1.305   -1.254   -1.189   -1.101   -0.981   -0.826   -0.669   -0.532   -0.395   -0.288   -0.209   -0.153   -0.122
   2.555    3.188    3.556    3.930    4.225    4.649    5.246    5.798    6.471    7.404    8.173    9.024   10.118   11.123   12.059   12.825   13.181   13.174   12.862   12.165   11.015    9.516    7.777    5.634    3.241    1.011   -1.133   -2.926   -4.360   -5.610   -6.529   -7.099   -7.479   -7.447   -7.369   -7.251   -7.025   -6.848   -6.768   -6.472   -6.390   -6.336   -6.302   -6.329   -6.658   -6.662   -6.778   -6.797   -6.750   -6.733   -6.743   -6.507   -6.156   -5.740   -5.230   -4.752   -4.234   -3.629   -3.161   -2.699   -2.311   -2.112   -1.708   -1.144   -0.979   -0.605
  -0.537   -0.148    0.214    0.524    0.908    1.240    1.718    2.252    2.870    3.505    4.147    4.695    5.161    5.587    6.009    6.208    6.299    6.287    6.002    5.571    4.984    4.064    2.926    1.716    0.452   -0.821   -1.959   -2.895   -3.635   -4.145   -4.472   -4.634   -4.659   -4.557   -4.360   -4.134   -3.978   -3.823   -3.754   -3.683   -3.616   -3.579   -3.541   -3.492   -3.479   -3.437   -3.393   -3.352   -3.265   -3.164   -3.066   -2.955   -2.860   -2.797   -2.667   -2.488   -2.228   -1.904   -1.577   -1.291   -1.030   -0.794   -0.606   -0.446   -0.327   -0.218
  -3.518   -3.384   -3.110   -2.808   -2.466   -1.938   -1.297   -0.643    0.079    0.779    1.510    2.175    2.814    3.365    3.662    3.750    3.699    3.445    3.083    2.532    1.748    0.821   -0.074   -0.791   -1.238   -1.473   -1.551   -1.564   -1.605   -1.749   -1.999   -2.341   -2.689   -2.942   -3.108   -3.200   -3.277   -3.309   -3.324   -3.299   -3.271   -3.209   -3.129   -3.014   -2.877   -2.713   -2.571   -2.383   -2.169   -1.941   -1.711   -1.479   -1.283   -1.082   -0.870   -0.676   -0.489   -0.311   -0.174   -0.079   -0.002    0.031    0.042    0.049    0.035    0.001
   2.508    3.095    3.586    4.084    4.598    5.149    5.770    6.470    7.361    8.418    9.600   10.893   12.156   13.442   14.676   15.708   16.429   16.746   16.690   16.279   15.384   14.012   12.078    9.716    7.195    4.650    2.289    0.177   -1.773   -3.437   -4.914   -6.071   -6.863   -7.340   -7.513   -7.497   -7.407   -7.306   -7.226   -7.237   -7.297   -7.416   -7.536   -7.688   -7.819   -7.981   -8.078   -8.074   -8.036   -7.891   -7.667   -7.346   -6.974   -6.512   -6.032   -5.461   -4.827   -4.150   -3.508   -2.925   -2.499   -2.103   -1.732   -1.479   -1.146   -0.889
   2.285    2.948    3.527    4.085    4.608    5.158    5.751    6.436    7.282    8.290    9.443   10.724   12.064   13.411   14.662   15.804   16.656   17.167   17.334   17.113   16.426   15.206   13.373   11.032    8.439    5.785    3.228    0.896   -1.221   -3.072   -4.632   -5.888   -6.881   -7.494   -7.759   -7.767   -7.632   -7.482   -7.443   -7.476   -7.555   -7.710   -7.879   -8.073   -8.275   -8.456   -8.567   -8.660   -8.663   -8.578   -8.377   -8.054   -7.639   -7.187   -6.651   -6.020   -5.337   -4.626   -3.952   -3.361   -2.825   -2.321   -1.895   -1.525   -1.162   -0.872
  -1.957   -1.916   -1.733   -1.601   -1.424   -1.190   -0.913   -0.656   -0.319    0.147    0.660    1.342    1.968    2.497    3.041    3.545    4.000    4.403    4.758    4.903    5.013    4.959    4.785    4.342    3.737    2.854    1.914    1.008    0.179   -0.591   -1.291   -1.895   -2.394   -2.692   -2.875   -2.935   -2.902   -2.888   -2.924   -3.010   -3.136   -3.251   -3.375   -3.523   -3.686   -3.873   -4.042   -4.151   -4.211   -4.191   -4.104   -3.967   -3.783   -3.533   -3.249   -2.923   -2.611   -2.289   -2.008   -1.741   -1.498   -1.264   -1.069   -0.873   -0.708   -0.575
  -1.585   -1.081   -0.520    0.021    0.722    1.423    2.235    3.048    3.860    4.565    5.240    5.860    6.500    6.945    7.207    7.371    7.322    7.265    7.035    6.548    5.899    4.993    3.930    2.868    1.763    0.710   -0.145   -0.959   -1.641   -2.291   -2.895   -3.392   -3.764   -3.939   -4.004   -4.015   -4.028   -4.029   -4.110   -4.190   -4.303   -4.453   -4.604   -4.688   -4.736   -4.753   -4.658   -4.583   -4.461   -4.271   -4.041   -3.791   -3.497   -3.265   -2.991   -2.689   -2.346   -2.004   -1.705   -1.487   -1.257   -1.099   -0.925   -0.770   -0.624   -0.489
  -1.868   -1.534   -1.020   -0.530    0.114    0.627    1.071    1.492    2.022    2.600    3.165    3.726    4.293    4.954    5.565    5.888    6.003    6.062    6.124    6.238    6.218    5.742    4.800    3.623    2.338    1.167    0.211   -0.727   -1.594   -2.300   -3.009   -3.564   -3.824   -4.090   -4.229   -4.217   -4.165   -4.194   -4.185   -4.304   -4.371   -4.356   -4.291   -4.273   -4.264   -4.273   -4.233   -4.115   -3.985   -3.773   -3.543   -3.272   -3.102   -2.858   -2.601   -2.333   -2.065   -1.704   -1.488   -1.356   -1.211   -1.087   -0.931   -0.701   -0.614   -0.539
   1.034    1.228    1.459    1.604    1.774    1.955    2.148    2.351    2.611    2.778    2.986    3.177    3.324    3.408    3.379    3.101    2.737    2.262    1.681    1.117    0.520   -0.079   -0.564   -0.966   -1.264   -1.446   -1.576   -1.699   -1.903   -2.198   -2.515   -2.821   -3.053   -3.168   -3.224   -3.174   -3.082   -2.993   -2.943   -2.912   -2.918   -2.898   -2.900   -2.907   -2.928   -2.947   -2.930   -2.893   -2.845   -2.778   -2.687   -2.581   -2.436   -2.280   -2.079   -1.866   -1.619   -1.342   -1.126   -0.939   -0.798   -0.699   -0.612   -0.528   -0.457   -0.388
  -4.468   -4.464   -4.391   -4.201   -3.917   -3.526   -3.091   -2.713   -2.268   -1.805   -1.280   -0.591    0.155    0.924    1.797    2.623    3.315    3.887    4.349    4.686    4.949    5.053    4.907    4.646    4.381    4.134    3.909    3.604    3.208    2.744    2.242    1.740    1.259    0.811    0.410    0.078   -0.224   -0.490   -0.726   -0.932   -1.110   -1.239   -1.334   -1.379   -1.409   -1.414   -1.415   -1.432   -1.480   -1.525   -1.563   -1.582   -1.573   -1.545   -1.541   -1.530   -1.456   -1.328   -1.147   -0.925   -0.743   -0.591   -0.458   -0.361   -0.277   -0.209
  -3.586   -3.483   -3.355   -3.130   -2.799   -2.391   -1.967   -1.440   -0.863   -0.206    0.521    1.265    1.985    2.731    3.306    3.819    4.174    4.328    4.298    4.152    3.723    3.221    2.599    1.920    1.195    0.513   -0.135   -0.708   -1.190   -1.587   -1.924   -2.196   -2.416   -2.629   -2.830   -3.030   -3.220   -3.372   -3.503   -3.618   -3.719   -3.794   -3.835   -3.827   -3.791   -3.737   -3.665   -3.578   -3.486   -3.382   -3.280   -3.169   -3.039   -2.889   -2.711   -2.507   -2.275   -2.013   -1.757   -1.519   -1.309   -1.133   -0.980   -0.840   -0.717   -0.601
  -2.486   -2.501   -2.485   -2.464   -2.383   -2.290   -2.137   -1.922   -1.699   -1.429   -1.125   -0.770   -0.320    0.108    0.527    0.957    1.276    1.489    1.586    1.565    1.482    1.377    1.231    0.991    0.709    0.426    0.115   -0.198   -0.504   -0.830   -1.115   -1.359   -1.566   -1.714   -1.819   -1.882   -1.927   -1.964   -1.973   -1.965   -1.936   -1.902   -1.869   -1.827   -1.760   -1.661   -1.534   -1.388   -1.231   -1.073   -0.908   -0.736   -0.572   -0.415   -0.288   -0.199   -0.142   -0.104   -0.085   -0.068   -0.054   -0.037   -0.033   -0.010    0.009    0.016
   0.410    0.551    0.666    0.818    0.990    1.190    1.499    1.916    2.349    2.842    3.445    4.081    4.762    5.458    5.997    6.416    6.718    6.906    6.797    6.334    5.545    4.425    3.072    1.762    0.488   -0.638   -1.523   -2.249   -2.839   -3.234   -3.556   -3.790   -3.957   -4.028   -4.032   -3.967   -3.912   -3.870   -3.805   -3.721   -3.656   -3.624   -3.633   -3.651   -3.645   -3.633   -3.602   -3.566   -3.501   -3.417   -3.312   -3.213   -3.080   -2.892   -2.661   -2.395   -2.143   -1.905   -1.682   -1.429   -1.198   -0.969   -0.787   -0.634   -0.519   -0.396
  -1.349   -0.997   -0.660   -0.230    0.242    0.716    1.324    2.007    2.704    3.476    4.245    4.942    5.675    6.280    6.825    7.329    7.653    7.735    7.658    7.240    6.633    5.817    4.729    3.457    2.168    0.894   -0.232   -1.264   -2.156   -2.902   -3.549   -4.033   -4.371   -4.606   -4.717   -4.693   -4.631   -4.562   -4.481   -4.463   -4.482   -4.520   -4.523   -4.535   -4.521   -4.512   -4.489   -4.444   -4.347   -4.236   -4.105   -3.931   -3.723   -3.485   -3.234   -2.969   -2.655   -2.328   -2.006   -1.713   -1.456   -1.240   -1.018   -0.835   -0.695   -0.553
  -0.802   -0.447   -0.076    0.302    0.695    1.260    1.820    2.298    3.027    3.723    4.457    5.402    6.140    6.759    7.229    7.423    7.502    7.694    7.625    7.486    6.957    6.181    5.162    3.993    2.741    1.599    0.518   -0.435   -1.274   -2.159   -2.997   -3.670   -4.241   -4.548   -4.666   -4.698   -4.708   -4.710   -4.781   -4.776   -4.802   -4.838   -4.870   -4.918   -4.941   -4.922   -4.908   -4.841   -4.726   -4.578   -4.363   -4.135   -3.937   -3.649   -3.339   -2.990   -2.618   -2.276   -1.979   -1.686   -1.458   -1.244   -1.059   -0.897   -0.720   -0.567
   1.000    1.358    1.730    1.945    2.265    2.444    2.735    3.058    3.373    3.764    4.193    4.637    5.064    5.576    6.007    6.471    6.807    6.960    6.834    6.520    5.995    5.268    4.383    3.280    2.125    0.979   -0.095   -1.112   -1.986   -2.812   -3.468   -3.935   -4.287   -4.551   -4.625   -4.613   -4.595   -4.519   -4.457   -4.394   -4.318   -4.343   -4.414   -4.548   -4.644   -4.705   -4.707   -4.724   -4.713   -4.730   -4.719   -4.619   -4.468   -4.238   -3.964   -3.670   -3.326   -2.951   -2.665   -2.310   -1.939   -1.618   -1.298   -1.044   -0.790   -0.533
  -0.756   -0.512   -0.242    0.088    0.334    0.688    1.030    1.362    1.937    2.497    3.037    3.623    4.197    4.823    5.481    5.978    6.311    6.485    6.454    6.281    5.928    5.380    4.642    3.739    2.775    1.711    0.671   -0.223   -1.133   -1.871   -2.448   -2.974   -3.305   -3.392   -3.460   -3.422   -3.413   -3.436   -3.405   -3.324   -3.233   -3.225   -3.210   -3.212   -3.238   -3.211   -3.136   -3.079   -3.014   -2.988   -2.974   -2.911   -2.824   -2.706   -2.616   -2.477   -2.311   -2.068   -1.813   -1.574   -1.365   -1.129   -0.948   -0.772   -0.613   -0.472
   0.458    0.741    1.000    1.235    1.556    1.877    2.238    2.705    3.220    3.612    4.108    4.662    5.236    5.817    6.394    6.835    7.248    7.565    7.691    7.630    7.339    6.733    5.852    4.713    3.420    2.156    0.995   -0.052   -1.022   -1.891   -2.665   -3.256   -3.595   -3.733   -3.775   -3.777   -3.771   -3.759   -3.735   -3.735   -3.749   -3.798   -3.883   -3.947   -3.977   -3.984   -3.961   -3.933   -3.888   -3.782   -3.597   -3.370   -3.138   -2.938   -2.709   -2.451   -2.161   -1.846   -1.582   -1.351   -1.148   -0.935   -0.763   -0.580   -0.442   -0.312
  -2.391   -2.106   -1.844   -1.498   -1.076   -0.593   -0.071    0.505    1.084    1.699    2.360    3.061    3.688    4.223    4.708    5.145    5.498    5.738    5.826    5.736    5.467    5.009    4.289    3.375    2.331    1.327    0.406   -0.380   -1.056   -1.594   -2.112   -2.594   -2.954   -3.165   -3.287   -3.291   -3.241   -3.213   -3.169   -3.107   -3.081   -3.043   -3.014   -2.953   -2.899   -2.798   -2.715   -2.641   -2.592   -2.514   -2.415   -2.286   -2.123   -1.941   -1.774   -1.614   -1.446   -1.333   -1.191   -1.051   -0.903   -0.774   -0.639   -0.553   -0.435   -0.328
  -0.440   -0.129    0.104    0.361    0.665    0.902    1.061    1.231    1.330    1.406    1.451    1.514    1.648    1.832    2.058    2.291    2.496    2.687    2.807    2.687    2.458    2.067    1.542    0.960    0.337   -0.366   -1.001   -1.574   -2.086   -2.523   -2.880   -3.166   -3.365   -3.462   -3.490   -3.499   -3.495   -3.471   -3.409   -3.363   -3.315   -3.272   -3.222   -3.135   -3.020   -2.897   -2.738   -2.547   -2.335   -2.092   -1.854   -1.624   -1.395   -1.171   -0.961   -0.761   -0.580   -0.402   -0.261   -0.133   -0.038    0.039    0.088    0.123    0.114    0.090
  -1.481   -1.555   -1.521   -1.443   -1.312   -1.114   -0.861   -0.609   -0.252    0.080    0.419    0.730    0.977    1.125    1.281    1.387    1.469    1.400    1.088    0.525   -0.259   -1.271   -2.376   -3.530   -4.613   -5.471   -6.038   -6.231   -5.989   -5.389   -4.546   -3.580   -2.701   -1.946   -1.373   -0.954   -0.669   -0.470   -0.422   -0.448   -0.589   -0.784   -1.029   -1.288   -1.580   -1.859   -2.138   -2.374   -2.557   -2.664   -2.724   -2.716   -2.644   -2.520   -2.334   -2.081   -1.817   -1.537   -1.267   -1.006   -0.752   -0.546   -0.385   -0.274   -0.205   -0.148
  -2.297   -2.113   -1.859   -1.577   -1.236   -0.837   -0.411    0.044    0.505    0.924    1.341    1.700    1.936    2.021    1.984    1.742    1.288    0.624   -0.261   -1.309   -2.340   -3.330   -4.263   -5.070   -5.715   -6.126   -6.288   -6.209   -5.951   -5.589   -5.154   -4.686   -4.226   -3.773   -3.330   -2.919   -2.530   -2.178   -1.856   -1.566   -1.316   -1.093   -0.883   -0.691   -0.513   -0.369   -0.249   -0.168   -0.102   -0.053   -0.017    0.019    0.075    0.096    0.102    0.094    0.088    0.103    0.131    0.140    0.135    0.115    0.111    0.099    0.083    0.078
  -5.447   -5.523   -5.502   -5.376   -5.152   -4.821   -4.333   -3.718   -3.060   -2.427   -1.757   -1.030   -0.313    0.441    1.014    1.398    1.562    1.706    1.700    1.725    1.559    1.217    0.785    0.320   -0.102   -0.438   -0.749   -0.992   -1.218   -1.471   -1.685   -1.958   -2.273   -2.597   -2.951   -3.231   -3.440   -3.652   -3.819   -3.889   -3.891   -3.812   -3.620   -3.379   -3.081   -2.713   -2.273   -1.724   -1.105   -0.458    0.148    0.709    1.185    1.584    1.893    2.143    2.244    2.227    2.063    1.813    1.578    1.347    1.153    0.974    0.793    0.629
  -0.589   -0.448   -0.264   -0.079    0.085    0.314    0.577    0.883    1.226    1.665    2.075    2.528    3.021    3.500    3.910    4.243    4.359    4.305    4.089    3.715    3.206    2.592    1.873    1.168    0.489   -0.029   -0.417   -0.726   -0.999   -1.268   -1.547   -1.769   -1.966   -2.085   -2.152   -2.174   -2.185   -2.207   -2.259   -2.302   -2.342   -2.368   -2.376   -2.367   -2.348   -2.331   -2.299   -2.258   -2.189   -2.097   -1.973   -1.843   -1.700   -1.560   -1.413   -1.270   -1.118   -0.984   -0.859   -0.748   -0.652   -0.568   -0.496   -0.429   -0.362   -0.292
  -3.072   -3.057   -2.942   -2.722   -2.473   -2.188   -1.829   -1.436   -0.970   -0.447    0.033    0.485    0.894    1.234    1.479    1.601    1.552    1.381    1.172    0.913    0.659    0.388    0.128   -0.149   -0.418   -0.739   -1.084   -1.497   -1.892   -2.285   -2.624   -2.869   -3.012   -3.087   -3.098   -3.070   -3.008   -2.921   -2.790   -2.657   -2.525   -2.370   -2.199   -2.025   -1.859   -1.688   -1.534   -1.364   -1.214   -1.084   -0.981   -0.879   -0.797   -0.732   -0.678   -0.631   -0.577   -0.526   -0.477   -0.439   -0.392   -0.344   -0.299   -0.258   -0.229   -0.199
  -1.816   -1.751   -1.676   -1.537   -1.392   -1.185   -0.866   -0.521   -0.137    0.277    0.720    1.206    1.701    2.045    2.398    2.749    3.017    3.261    3.394    3.352    3.227    2.970    2.499    1.926    1.277    0.596   -0.040   -0.667   -1.222   -1.666   -1.992   -2.219   -2.351   -2.434   -2.429   -2.350   -2.228   -2.082   -1.950   -1.787   -1.629   -1.453   -1.240   -1.010   -0.782   -0.539   -0.368   -0.214   -0.077    0.025    0.138    0.242    0.328    0.392    0.426    0.405    0.395    0.329    0.253    0.156    0.092    0.061    0.062    0.073    0.067    0.058
   0.545    0.955    1.233    1.571    1.999    2.440    3.029    3.742    4.483    5.238    5.999    6.628    7.126    7.530    7.807    7.851    7.732    7.466    7.046    6.554    5.977    5.250    4.434    3.541    2.608    1.692    0.828   -0.055   -0.938   -1.844   -2.695   -3.409   -3.966   -4.380   -4.590   -4.710   -4.795   -4.832   -4.905   -4.959   -5.008   -5.010   -5.064   -5.058   -5.062   -5.013   -4.993   -4.902   -4.780   -4.634   -4.420   -4.176   -3.923   -3.652   -3.320   -3.001   -2.694   -2.367   -2.041   -1.747   -1.453   -1.214   -1.050   -0.852   -0.678   -0.520
  -2.175   -2.020   -1.780   -1.572   -1.310   -0.970   -0.637   -0.316    0.092    0.552    1.067    1.675    2.309    2.863    3.304    3.655    3.832    3.917    3.716    3.421    3.006    2.439    1.824    1.185    0.454   -0.224   -0.773   -1.331   -1.800   -2.123   -2.337   -2.503   -2.514   -2.477   -2.331   -2.105   -1.892   -1.749   -1.582   -1.501   -1.386   -1.309   -1.300   -1.294   -1.293   -1.327   -1.365   -1.397   -1.470   -1.494   -1.493   -1.476   -1.425   -1.365   -1.322   -1.189   -1.062   -0.928   -0.801   -0.704   -0.612   -0.505   -0.414   -0.319   -0.271   -0.205
