166.629779    -1.083782
167.575510    -1.128285
168.520772    -1.157360
169.465023    -1.153207
170.408857    -1.135405
171.352475    -1.110484
172.295786    -1.075475
173.238971    -1.036312
174.181992    -0.991809
175.124996    -0.946712
176.067891    -0.898056
177.010678    -0.845839
177.953303    -0.788281
178.896342    -0.744372
179.839780    -0.713516
180.756787    -0.695770
181.727700    -0.686143
182.672693    -0.706396
183.618172    -0.742592
184.565168    -0.828631
185.513411    -0.955613
186.333418    -1.100396
187.025181    -1.262758
187.673755    -1.416495
188.236712    -1.577964
188.756762    -1.740054
189.233521    -1.890178
189.710015    -2.031599
190.187079    -2.191731
190.620872    -2.340549
191.054944    -2.498505
191.445761    -2.645692
191.793195    -2.777866
192.184755    -2.949436
192.754067    -3.162966
193.355829    -3.345726
193.918645    -3.502565
194.609941    -3.649599
195.430019    -3.796750
196.334828    -3.907058
197.281102    -3.969362
198.225624    -3.974109
199.168049    -3.910025
199.937195    -3.794232
200.576426    -3.641078
201.215590    -3.485759
201.811612    -3.323347
202.407554    -3.158304
202.960669    -2.996525
203.471146    -2.844225
203.981359    -2.683223
204.448519    -2.518087
204.873290    -2.370574
205.468971    -2.196953
205.845484    -2.075735
206.232660    -1.901927
206.657113    -1.743970
207.124909    -1.599721
207.635420    -1.448509
208.146096    -1.302737
208.698856    -1.129302
209.348436    -0.963599
209.929442    -0.826669
210.616465    -0.667159
211.341957    -0.527460
212.153179    -0.383719
213.050272    -0.240597
213.990891    -0.117175
214.931961    -0.008587
215.873772    0.075672
216.815927    0.148657
217.758605    0.204434
218.701681    0.247157
219.645155    0.276826
220.589134    0.289880
221.533565    0.288100
222.478357    0.274452
223.423439    0.251311
224.368737    0.221049
225.314198    0.185446
226.259369    0.159338
227.204523    0.133823
228.149622    0.110088
229.094776    0.084573
230.039640    0.068551
230.984668    0.047190
231.929442    0.034136
232.874324    0.017521
233.819171    0.002094
234.763819    -0.006807
235.708485    -0.016301
236.653649    -0.042169
237.598152    -0.046326
238.542763    -0.054016
239.487166    -0.054870
240.431579    -0.056057
241.375919    -0.054870
242.314324    -0.075639
243.265245    -0.073661
244.209845    -0.080979
245.154095    -0.076825
246.098453    -0.076232
247.042722    -0.072672
247.987081    -0.072078
248.931367    -0.069111
249.875744    -0.069111
250.820120    -0.069111
251.764461    -0.067925
252.708874    -0.069111
253.653215    -0.067925
254.597609    -0.068518
255.112543    -0.062584
